     nm       O         O2        N2        He        H
   0.00000   0.00000   0.00000   0.00000   0.00000   0.00000
   0.15000   0.00020   0.00040   0.00030   0.00000   0.00000
   0.30000   0.00200   0.00400   0.00300   0.00001   0.00000
   0.60000   0.01200   0.02400   0.01500   0.00003   0.00001
   1.20000   0.07000   0.14000   0.09000   0.00046   0.00005
   1.86200   0.31000   0.62000   0.62040   0.00187   0.00019
   1.89700   0.33000   0.66000   0.63240   0.00201   0.00020
   2.16000   0.53000   1.06000   0.72280   0.00287   0.00029
   2.18000   0.54000   1.08000   0.72970   0.00292   0.00029
   2.21000   0.56000   1.12000   0.74000   0.00300   0.00030
   2.84700   0.06400   0.12700   0.95900   0.00522   0.00052
   2.87900   0.06600   0.13100   0.97000   0.00537   0.00054
   2.95200   0.07000   0.13900   0.99500   0.00572   0.00057
   3.00200   0.07300   0.14500   1.01200   0.00598   0.00060
   3.04300   0.07600   0.15000   0.90900   0.00619   0.00062
   3.37400   0.09600   0.19000   0.09600   0.00826   0.00083
   4.09500   0.14000   0.27500   0.15000   0.01547   0.00155
   4.37600   0.15700   0.30900   0.17100   0.01976   0.00198
   4.40200   0.15800   0.31200   0.17300   0.02021   0.00202
   4.41600   0.15900   0.31400   0.17400   0.02046   0.00205
   4.56600   0.18200   0.34100   0.18800   0.02331   0.00233
   4.64000   0.18300   0.35600   0.19600   0.02486   0.00249
   4.66700   0.18300   0.36200   0.19900   0.02545   0.00254
   4.78700   0.18400   0.38800   0.21100   0.02825   0.00282
   4.92200   0.19300   0.41700   0.22500   0.03177   0.00318
   5.05200   0.20500   0.44500   0.23900   0.03465   0.00346
   5.06900   0.20700   0.44900   0.24100   0.03487   0.00349
   5.23000   0.22500   0.48300   0.25800   0.03697   0.00370
   5.29100   0.23100   0.49800   0.26600   0.03780   0.00378
   5.41500   0.24500   0.53000   0.28300   0.03955   0.00395
   5.44200   0.24900   0.53700   0.28700   0.03994   0.00399
   5.50600   0.25800   0.55300   0.29600   0.04088   0.00409
   5.53400   0.26200   0.56000   0.30000   0.04130   0.00413
   5.60800   0.27200   0.57800   0.31000   0.04243   0.00424
   5.69200   0.28400   0.60000   0.32200   0.04374   0.00437
   5.73600   0.29000   0.61100   0.32800   0.04445   0.00445
   5.75600   0.29300   0.61600   0.33100   0.04478   0.00448
   5.78800   0.29700   0.62400   0.33500   0.04530   0.00453
   5.89600   0.31200   0.65100   0.35000   0.04712   0.00471
   5.96200   0.32500   0.66800   0.36000   0.04826   0.00483
   6.03000   0.33800   0.68500   0.36900   0.04947   0.00495
   6.08500   0.34800   0.69900   0.37700   0.05047   0.00505
   6.10700   0.35300   0.70400   0.38000   0.05088   0.00509
   6.16300   0.36400   0.71900   0.38800   0.05193   0.00519
   6.19000   0.36900   0.72500   0.39100   0.05244   0.00524
   6.23000   0.37600   0.73500   0.39700   0.05321   0.00532
   6.23500   0.37700   0.73700   0.39800   0.05331   0.00533
   6.27700   0.38400   0.74700   0.40400   0.05413   0.00541
   6.31600   0.39100   0.75700   0.40900   0.05490   0.00549
   6.33000   0.39400   0.76100   0.41100   0.05518   0.00552
   6.36500   0.40000   0.77000   0.41600   0.05589   0.00559
   6.41100   0.40800   0.78100   0.42200   0.05684   0.00568
   6.46000   0.41700   0.79600   0.42900   0.05786   0.00579
   6.52100   0.42800   0.81800   0.43700   0.05916   0.00592
   6.57100   0.43900   0.83600   0.44300   0.06025   0.00602
   6.58500   0.44200   0.84100   0.44500   0.06055   0.00606
   6.62600   0.45110   0.85560   0.45050   0.06146   0.00615
   6.63000   0.45200   0.85700   0.45100   0.06155   0.00616
   6.63700   0.45360   0.85950   0.45190   0.06171   0.00617
   6.71400   0.47100   0.88700   0.46200   0.06347   0.00635
   6.73500   0.47500   0.89500   0.46500   0.06395   0.00640
   6.83500   0.49800   0.92600   0.48400   0.06633   0.00663
   6.96500   0.52500   0.96500   0.51100   0.06954   0.00695
   7.00000   0.53200   0.97500   0.51800   0.07043   0.00704
   7.05400   0.54300   0.99100   0.52900   0.07183   0.00718
   7.07500   0.54700   0.99700   0.53400   0.07238   0.00724
   7.10000   0.55200   1.00500   0.53900   0.07304   0.00730
   7.19400   0.57100   1.03300   0.55900   0.07559   0.00756
   7.23100   0.57900   1.04400   0.56600   0.07661   0.00766
   7.26300   0.58500   1.05600   0.57200   0.07751   0.00775
   7.28000   0.58900   1.06200   0.57500   0.07799   0.00780
   7.29500   0.59200   1.06700   0.57800   0.07842   0.00784
   7.34700   0.60410   1.08610   0.58670   0.07992   0.00799
   7.35500   0.60600   1.08900   0.58800   0.08015   0.00802
   7.42100   0.62100   1.11300   0.60000   0.08210   0.00821
   7.44400   0.62600   1.12100   0.60400   0.08279   0.00828
   7.48300   0.63500   1.13500   0.61100   0.08398   0.00840
   7.50300   0.64000   1.14300   0.61500   0.08459   0.00846
   7.52900   0.64600   1.15200   0.62000   0.08540   0.00854
   7.54600   0.65000   1.15800   0.62300   0.08593   0.00859
   7.57300   0.65600   1.16800   0.62800   0.08677   0.00868
   7.60100   0.66200   1.17800   0.63300   0.08766   0.00877
   7.64800   0.67300   1.19500   0.64100   0.08918   0.00892
   7.68300   0.68100   1.20800   0.64700   0.09032   0.00903
   7.69400   0.68400   1.21200   0.64900   0.09068   0.00907
   7.73000   0.69200   1.22500   0.65600   0.09188   0.00919
   7.77400   0.70300   1.24000   0.66400   0.09336   0.00934
   7.85600   0.72500   1.27000   0.67800   0.09619   0.00962
   7.87000   0.72900   1.27500   0.68100   0.09669   0.00967
   7.90800   0.73900   1.28900   0.68800   0.09803   0.00980
   7.94800   0.75000   1.30300   0.69500   0.09947   0.00995
   7.97600   0.75700   1.31300   0.70000   0.10049   0.01005
   8.00000   0.76400   1.32200   0.70400   0.10137   0.01014
   8.05500   0.77800   1.34200   0.71400   0.10342   0.01034
   8.24300   0.82900   1.41400   0.75200   0.11075   0.01108
   8.27400   0.83690   1.42900   0.76120   0.11201   0.01120
   8.28400   0.83910   1.43390   0.76430   0.11242   0.01124
   8.34200   0.85100   1.46200   0.78300   0.11482   0.01148
   8.36700   0.85700   1.47400   0.79000   0.11587   0.01159
   8.40000   0.86400   1.49000   0.80100   0.11727   0.01173
   8.67700   0.92300   1.62500   0.88600   0.12971   0.01297
   8.68600   0.92510   1.62930   0.88860   0.13014   0.01301
   8.69800   0.92800   1.63500   0.89200   0.13071   0.01307
   8.73000   0.93500   1.65100   0.90200   0.13224   0.01322
   8.76100   0.94100   1.66600   0.91200   0.13374   0.01337
   8.80900   0.95180   1.68950   0.92670   0.13610   0.01361
   8.81100   0.95200   1.69000   0.92700   0.13620   0.01362
   8.81400   0.95300   1.69200   0.92800   0.13635   0.01364
   8.84200   0.95900   1.70500   0.93700   0.13775   0.01377
   8.86400   0.96400   1.71600   0.94300   0.13886   0.01389
   8.89000   0.97100   1.72800   0.95100   0.14018   0.01402
   8.91400   0.97700   1.74000   0.95900   0.14141   0.01414
   8.97000   0.99200   1.76700   0.97600   0.14432   0.01443
   9.01400   1.00400   1.78900   0.99000   0.14665   0.01467
   9.04500   1.01200   1.80400   0.99900   0.14832   0.01483
   9.07100   1.01900   1.81600   1.00700   0.14973   0.01497
   9.10000   1.02600   1.83100   1.01600   0.15132   0.01513
   9.14800   1.03900   1.85400   1.03100   0.15398   0.01540
   9.16900   1.04500   1.86400   1.03700   0.15517   0.01552
   9.18100   1.04800   1.87000   1.04100   0.15585   0.01558
   9.20900   1.05500   1.88400   1.05000   0.15744   0.01574
   9.28100   1.07400   1.91900   1.07200   0.16163   0.01616
   9.36100   1.09600   1.95700   1.09700   0.16640   0.01664
   9.40700   1.10800   1.98000   1.11100   0.16921   0.01692
   9.42500   1.11300   1.98900   1.11600   0.17033   0.01703
   9.43900   1.11600   1.99500   1.12100   0.17120   0.01712
   9.49000   1.13000   2.02000   1.13600   0.17441   0.01744
   9.53700   1.14200   2.04300   1.15100   0.17742   0.01774
   9.55100   1.14600   2.05000   1.15500   0.17832   0.01783
   9.58100   1.15300   2.06400   1.16400   0.18028   0.01803
   9.60500   1.15900   2.07600   1.17200   0.18187   0.01819
   9.64900   1.17000   2.09700   1.18500   0.18480   0.01848
   9.68300   1.17800   2.11400   1.19600   0.18711   0.01871
   9.71200   1.18500   2.12800   1.20500   0.18909   0.01891
   9.75100   1.19400   2.14700   1.21700   0.19180   0.01918
   9.78700   1.20300   2.16400   1.22800   0.19433   0.01943
   9.81200   1.20900   2.17700   1.23500   0.19610   0.01961
   9.82600   1.21270   2.18340   1.23990   0.19711   0.01971
   9.85000   1.21800   2.19500   1.24700   0.19884   0.01988
   9.97100   1.24800   2.25400   1.28400   0.20779   0.02078
   9.99900   1.25400   2.26700   1.29300   0.20992   0.02099
  10.05400   1.26800   2.29400   1.31000   0.21199   0.02120
  10.30100   1.32700   2.41400   1.38600   0.22131   0.02213
  10.31500   1.33100   2.42100   1.39000   0.22185   0.02219
  10.35800   1.34200   2.44200   1.40400   0.22352   0.02235
  10.39400   1.35100   2.45900   1.41500   0.22493   0.02249
  10.52300   1.38400   2.52200   1.45400   0.23004   0.02300
  10.62500   1.41000   2.57200   1.48600   0.23417   0.02342
  10.80500   1.45700   2.65900   1.54100   0.24163   0.02416
  10.99800   1.50600   2.75300   1.60100   0.24990   0.02499
  11.05600   1.52100   2.78100   1.61900   0.25244   0.02524
  11.06200   1.52300   2.78400   1.62000   0.25270   0.02527
  11.07600   1.52600   2.79100   1.62500   0.25332   0.02533
  11.11600   1.53700   2.81000   1.63700   0.25509   0.02551
  11.12500   1.53900   2.81500   1.64000   0.25549   0.02555
  11.38000   1.60300   2.93900   1.71800   0.26710   0.02671
  11.40900   1.61100   2.95300   1.72700   0.26846   0.02685
  11.42400   1.61400   2.96000   1.73200   0.26916   0.02692
  11.53900   1.64300   3.01600   1.76700   0.27461   0.02746
  11.58200   1.65400   3.03700   1.78100   0.27668   0.02767
  11.67500   1.67700   3.08200   1.81800   0.28120   0.02812
  11.72000   1.68800   3.10400   1.83700   0.28341   0.02834
  12.04000   1.76700   3.26800   1.96600   0.29967   0.02997
  12.11500   1.78600   3.32200   1.99600   0.30361   0.03036
  12.17900   1.80100   3.36700   2.02200   0.30702   0.03070
  12.27000   1.82400   3.43200   2.05800   0.31192   0.03119
  12.35000   1.84300   3.48900   2.09000   0.31630   0.03163
  12.76500   1.96900   3.78300   2.26700   0.34003   0.03400
  12.98700   2.03800   3.94100   2.36400   0.35345   0.03534
  13.03000   2.05200   3.97100   2.38100   0.35611   0.03561
  13.10200   2.07400   4.02100   2.40900   0.36060   0.03606
  13.12100   2.08000   4.03500   2.41600   0.36180   0.03618
  13.62100   2.23300   4.38500   2.61100   0.39474   0.03947
  13.62800   2.23500   4.39000   2.61400   0.39523   0.03952
  13.63400   2.23700   4.39400   2.61600   0.39564   0.03956
  13.64500   2.24000   4.40100   2.62100   0.39640   0.03964
  13.64800   2.24100   4.40400   2.62200   0.39661   0.03966
  14.12000   2.26000   4.73000   2.82000   0.43061   0.04306
  14.42700   2.24200   4.93600   2.94900   0.45428   0.04543
  14.50400   2.23700   4.98800   2.98200   0.46042   0.04604
  14.84000   2.21700   5.21300   3.13600   0.48819   0.04882
  15.01000   2.20600   5.32700   3.21500   0.50287   0.05029
  15.21500   2.19400   5.47300   3.31700   0.52116   0.05212
  15.41800   2.18200   5.61700   3.41900   0.53993   0.05399
  15.77300   2.36300   5.86900   3.59600   0.57440   0.05744
  15.83700   2.40700   5.91400   3.62800   0.58084   0.05808
  15.99800   2.51600   6.02900   3.70900   0.59737   0.05974
  16.03700   2.54200   6.05500   3.72900   0.60145   0.06014
  16.20000   2.65210   6.16420   3.81400   0.61878   0.06188
  16.41500   2.79700   6.30800   3.92600   0.64241   0.06424
  16.75000   3.02100   6.53200   4.10500   0.68103   0.06810
  16.81700   3.06600   6.57700   4.14100   0.68903   0.06890
  16.85500   3.09100   6.60300   4.16200   0.69361   0.06936
  16.89200   3.11600   6.62800   4.18200   0.69810   0.06981
  16.97000   3.16800   6.68000   4.22400   0.70766   0.07077
  17.10800   3.25900   6.76800   4.29800   0.72488   0.07249
  17.21700   3.33100   6.83700   4.35700   0.73879   0.07388
  17.30800   3.39100   6.89400   4.40600   0.75060   0.07506
  17.45800   3.49000   6.98900   4.48700   0.77048   0.07705
  17.52600   3.53500   7.03100   4.52600   0.77967   0.07797
  17.72400   3.66000   7.15600   4.64400   0.80704   0.08070
  17.80500   3.68700   7.20700   4.69300   0.81852   0.08185
  17.92700   3.72800   7.28400   4.76600   0.83611   0.08361
  17.97500   3.74500   7.31400   4.79500   0.84313   0.08431
  18.04100   3.76700   7.36400   4.83900   0.85289   0.08529
  18.11400   3.79100   7.42300   4.89000   0.86381   0.08638
  18.21700   3.82600   7.50800   4.96200   0.87946   0.08795
  18.34500   3.86900   7.61300   5.05100   0.89930   0.08993
  18.45300   3.90500   7.70100   5.12700   0.91639   0.09164
  18.48000   3.91400   7.72400   5.14600   0.92071   0.09207
  18.52100   3.92700   7.75700   5.17400   0.92731   0.09273
  18.66000   3.97300   7.87100   5.26900   0.95005   0.09501
  18.68700   3.98200   7.89300   5.28700   0.95454   0.09545
  18.79500   4.01800   7.98200   5.36100   0.97267   0.09727
  18.82300   4.02800   8.00500   5.38000   0.97743   0.09774
  18.83100   4.03000   8.01100   5.38500   0.97880   0.09788
  19.00200   4.08700   8.15100   5.50100   1.00841   0.10084
  19.10400   4.12000   8.22400   5.56900   1.02650   0.10265
  19.13400   4.13000   8.24500   5.58800   1.03188   0.10319
  19.24000   4.16500   8.32000   5.65800   1.05112   0.10511
  19.28200   4.17900   8.35000   5.68600   1.05884   0.10588
  19.35200   4.20200   8.40000   5.73200   1.07184   0.10718
  19.51300   4.25500   8.51400   5.84000   1.10234   0.11023
  19.65200   4.30000   8.61300   5.94200   1.12938   0.11294
  19.66500   4.30500   8.62200   5.95200   1.13194   0.11319
  19.74400   4.33000   8.67800   6.01100   1.14763   0.11476
  19.85800   4.36800   8.75900   6.09500   1.17066   0.11707
  20.00200   4.41400   8.86100   6.20200   1.20021   0.12002
  20.11300   4.45100   8.94000   6.28600   1.21203   0.12125
  20.20500   4.48000   9.00600   6.35600   1.22190   0.12228
  20.26400   4.49900   9.04700   6.40100   1.22828   0.12294
  20.38100   4.53700   9.13100   6.49000   1.24103   0.12426
  20.42500   4.55100   9.16200   6.52300   1.24586   0.12477
  20.49400   4.57400   9.21100   6.57500   1.25347   0.12556
  20.62600   4.61600   9.30400   6.68300   1.26815   0.12708
  20.63800   4.62000   9.31300   6.69300   1.26949   0.12722
  20.74600   4.65200   9.39000   6.78200   1.28165   0.12849
  20.83300   4.67800   9.45100   6.85300   1.29153   0.12952
  20.96300   4.71600   9.54400   6.96000   1.30643   0.13107
  20.97800   4.72000   9.55400   6.97200   1.30816   0.13125
  21.13200   4.76500   9.66600   7.09800   1.32605   0.13312
  21.21400   4.78900   9.72600   7.16500   1.33568   0.13412
  21.37800   4.83600   9.84600   7.30000   1.35515   0.13615
  21.47500   4.86400   9.91700   7.37900   1.36680   0.13737
  21.51600   4.87600   9.94700   7.41400   1.37176   0.13788
  21.68800   4.92500  10.07200   7.56900   1.39273   0.14007
  21.81900   4.96300  10.16800   7.68700   1.40893   0.14176
  21.91300   4.99000  10.23600   7.77200   1.42066   0.14299
  22.00800   5.01700  10.30600   7.85700   1.43262   0.14424
  22.14400   5.05600  10.41500   7.97400   1.44992   0.14605
  22.18200   5.06700  10.44600   8.00700   1.45479   0.14656
  22.47400   5.14900  10.67900   8.25800   1.49276   0.15053
  22.51200   5.16000  10.71000   8.29000   1.49777   0.15106
  22.70100   5.21300  10.86100   8.45300   1.52296   0.15370
  22.71900   5.21800  10.87500   8.46800   1.52538   0.15395
  22.74700   5.22600  10.89800   8.49200   1.52915   0.15435
  22.87000   5.26100  10.99600   8.59800   1.54584   0.15610
  23.06500   5.31500  11.15200   8.76300   1.57267   0.15891
  23.15500   5.34000  11.22400   8.83700   1.58521   0.16023
  23.26000   5.36900  11.30800   8.92300   1.59996   0.16177
  23.38400   5.40400  11.40700   9.02500   1.61757   0.16362
  23.43800   5.41900  11.45000   9.06900   1.62529   0.16443
  23.71200   5.49420  11.66920   9.28110   1.66507   0.16862
  23.72000   5.49640  11.67560   9.28710   1.66624   0.16874
  23.73300   5.50000  11.68600   9.29700   1.66815   0.16894
  23.98700   5.57000  11.89000   9.49000   1.70596   0.17292
  24.07100   5.59300  11.96400   9.54300   1.71866   0.17425
  24.17400   5.62100  12.05700   9.60400   1.73435   0.17591
  24.30300   5.65600  12.17300   9.68200   1.75420   0.17800
  24.37800   5.67590  12.23990   9.72720   1.76585   0.17923
  24.49200   5.70700  12.34300   9.79500   1.78370   0.18111
  24.59400   5.73500  12.43500   9.84100   1.79983   0.18281
  24.62100   5.74220  12.45930   9.85360   1.80412   0.18326
  24.69100   5.76100  12.52200   9.88400   1.81530   0.18444
  24.71800   5.76800  12.54600   9.89600   1.81963   0.18490
  24.91800   5.81200  12.72600   9.98400   1.85203   0.18832
  25.11000   5.88100  12.89900  10.05500   1.88367   0.19166
  25.19500   5.91200  12.97600  10.08200   1.89785   0.19316
  25.21900   5.92100  12.99700  10.09000   1.90188   0.19358
  25.37800   5.97800  13.14000  10.14100   1.92875   0.19642
  25.63200   6.05100  13.36900  10.20600   1.97246   0.20105
  25.63800   6.05300  13.37400  10.20800   1.97351   0.20116
  25.66400   6.06000  13.39800  10.21300   1.97804   0.20164
  25.69200   6.06740  13.42260  10.21840   1.98293   0.20216
  25.71600   6.07400  13.44400  10.22300   1.98714   0.20260
  25.73900   6.08000  13.46500  10.22800   1.99118   0.20303
  25.83600   6.10600  13.55200  10.24700   2.00829   0.20484
  25.95200   6.13700  13.65700  10.27000   2.02895   0.20703
  26.10500   6.18700  13.80500  10.30500   2.05653   0.20995
  26.29900   6.25500  13.99900  10.35200   2.09204   0.21372
  26.42400   6.29800  14.12400  10.38200   2.11524   0.21618
  26.48000   6.31800  14.18000  10.39500   2.12572   0.21729
  27.05100   6.51800  14.74100  10.51100   2.23557   0.22896
  27.19900   6.57000  14.85900  10.54400   2.26495   0.23209
  27.26400   6.59200  14.91100  10.55800   2.27798   0.23348
  27.41900   6.64700  15.03500  10.59200   2.30935   0.23682
  27.53500   6.68700  15.12800  10.62200   2.33311   0.23935
  27.56700   6.69800  15.15400  10.63300   2.33971   0.24005
  27.61500   6.71500  15.19200  10.64900   2.34964   0.24111
  27.68400   6.73900  15.24700  10.67300   2.36399   0.24264
  27.70000   6.74500  15.26000  10.67800   2.36733   0.24299
  27.72700   6.75400  15.28200  10.68700   2.37297   0.24360
  27.84000   6.79400  15.37200  10.72600   2.39675   0.24613
  28.14100   6.92800  15.59900  10.81900   2.46126   0.25301
  28.41500   7.07800  15.79000  10.89600   2.52149   0.25945
  28.57000   7.16400  15.89900  10.94500   2.55622   0.26316
  28.91700   7.35400  16.14200  11.07000   2.63570   0.27166
  29.06900   7.41000  16.23500  11.12300   2.67129   0.27547
  29.17000   7.42600  16.28500  11.15800   2.69520   0.27803
  29.27800   7.44200  16.33900  11.19500   2.72101   0.28080
  29.61900   7.49300  16.51000  11.32500   2.80413   0.28971
  29.95000   7.54300  16.67500  11.47700   2.88723   0.29863
  30.33100   7.68100  16.79900  11.67400   2.95846   0.30696
  30.37800   7.69900  16.81300  11.69900   2.96686   0.30796
  31.50200   8.07600  17.10000  12.37100   3.17491   0.33292
  31.62000   8.11700  17.12400  12.45600   3.19759   0.33565
  31.90100   8.21500  17.18000  12.65900   3.25223   0.34225
  31.98300   8.24400  17.19700  12.71800   3.26835   0.34420
  32.05600   8.27000  17.20600  12.77500   3.28277   0.34595
  33.54100   8.77300  17.40800  13.98500   3.59029   0.38346
  34.51300   9.08900  17.65400  14.83200   3.80701   0.41018
  34.57400   9.10900  17.67200  14.88800   3.82103   0.41192
  34.73900   9.16400  17.72200  15.04000   3.85924   0.41666
  34.98500   9.24500  17.79500  15.26600   3.91691   0.42382
  35.60100   9.44200  17.92000  15.82100   4.06514   0.44231
  36.08000   9.59600  18.03200  16.25200   4.18427   0.45724
  36.44800   9.71800  18.17900  16.58300   4.27816   0.46906
  36.80700   9.83600  18.32300  16.90600   4.37178   0.48088
  39.98200  11.77700  19.59300  20.05200   5.29425   0.59925
  40.11400  11.70900  19.64600  20.17800   5.32536   0.60476
  40.19400  11.64500  19.67800  20.25400   5.34322   0.60812
  40.32600  11.53900  19.73000  20.38000   5.37283   0.61371
  41.72400  11.21000  20.21700  21.62100   5.69668   0.67616
  43.04700  11.49200  20.71400  22.66200   6.02111   0.74110
  43.67000  11.38500  20.90100  22.94800   6.18023   0.77380
  45.30000  10.76500  21.49000  23.08500   6.61670   0.86636
  45.40000  10.17600  21.52000  23.08000   6.64446   0.87238
  45.50000  12.75700  21.55000  23.07500   6.67233   0.87845
  45.60000  13.84500  21.58000  23.07000   6.70032   0.88456
  45.70000  12.61500  21.61000  23.06500   6.72843   0.89071
  45.80000  12.24400  21.64000  23.06000   6.75666   0.89691
  45.90000  11.87400  21.67000  23.05500   6.78501   0.90315
  46.00000  11.81700  21.70000  23.05000   6.81348   0.90943
  46.10000  11.83900  21.74000  23.07200   6.84206   0.91576
  46.20000  11.86000  21.78000  23.09400   6.87076   0.92213
  46.30000  11.88100  21.82000  23.11600   6.89959   0.92854
  46.40000  11.90300  21.86000  23.13800   6.92854   0.93500
  46.50000  11.92400  21.90000  23.16000   6.95760   0.94150
  46.52200  11.92900  21.90900  23.16500   6.96402   0.94294
  46.60000  11.94600  21.94000  23.18200   6.98679   0.94805
  46.70000  11.96700  21.98000  23.20400   7.01611   0.95464
  46.80000  11.98900  22.02000  23.22600   7.04554   0.96128
  46.90000  12.01000  22.06000  23.24800   7.07510   0.96797
  47.00000  12.03100  22.10000  23.27000   7.10478   0.97470
  47.10000  12.05300  22.15000  23.30300   7.13459   0.98148
  47.20000  12.07400  22.20000  23.33600   7.16452   0.98831
  47.30000  12.09600  22.25000  23.36900   7.19458   0.99518
  47.40000  11.96700  22.30000  23.40200   7.22476   1.00211
  47.50000  11.80000  22.35000  23.43500   7.25507   1.00908
  47.60000  11.46000  22.40000  23.46800   7.28551   1.01609
  47.70000  11.61400  22.45000  23.50100   7.31608   1.02316
  47.80000  12.13800  22.50000  23.53400   7.34677   1.03028
  47.90000  12.33300  22.55000  23.56700   7.37759   1.03744
  48.00000  12.20000  22.60000  23.60000   7.40855   1.04466
  48.10000  15.56700  22.64000  23.59000   7.43963   1.05193
  48.20000  13.50000  22.68000  23.58000   7.47084   1.05924
  48.30000  13.04300  22.72000  23.57000   7.50218   1.06661
  48.40000  12.95000  22.76000  23.56000   7.53366   1.07403
  48.50000  12.86100  22.80000  23.55000   7.56526   1.08150
  48.60000  12.72900  22.84000  23.54000   7.59700   1.08902
  48.70000  12.57400  22.88000  23.53000   7.62887   1.09660
  48.80000  12.38200  22.92000  23.52000   7.66088   1.10423
  48.90000  12.19100  22.96000  23.51000   7.69302   1.11191
  48.95000  12.09600  22.98000  23.50500   7.70914   1.11577
  49.00000  12.00000  23.00000  23.50000   7.72529   1.11964
  49.10000  12.15900  23.06000  23.50000   7.75771   1.12743
  49.20000  12.25700  23.12000  23.50000   7.79025   1.13527
  49.30000  12.21200  23.18000  23.50000   7.82293   1.14317
  49.40000  12.16700  23.24000  23.50000   7.85575   1.15112
  49.50000  12.12300  23.30000  23.50000   7.88871   1.15912
  49.60000  12.07800  23.36000  23.50000   7.92181   1.16719
  49.70000  12.03400  23.42000  23.50000   7.95504   1.17530
  49.80000  11.98900  23.48000  23.50000   7.98842   1.18348
  49.90000  11.94500  23.54000  23.50000   8.02193   1.19171
  49.93700  11.92800  23.56200  23.50000   8.03437   1.19477
  50.00000  11.90000  23.60000  23.50000   8.05559   1.20000
  50.10000  11.77300  23.64000  23.51600   8.08938   1.20590
  50.20000  11.77400  23.68000  23.53200   8.12332   1.21183
  50.30000  11.79000  23.72000  23.54800   8.15740   1.21779
  50.40000  11.80600  23.76000  23.56400   8.19162   1.22377
  50.79300  11.86700  23.91700  23.72600   8.32752   1.24759
  51.56000  11.95600  24.28000  24.25000   0.00111   1.29541
  52.06600  12.00700  24.52600  24.61200   0.00000   1.32796
  52.58000  12.05800  24.73200  24.86400   0.00000   1.36186
  53.70200  12.24000  25.25100  25.23100   0.00000   1.43889
  54.28000  12.35600  25.28100  25.13200   0.00000   1.48026
  55.00000  12.50000  25.90000  24.70000   0.00000   1.53346
  55.43700  12.58700  26.04100  24.13200   0.00000   1.56668
  55.86000  12.67200  26.10000  23.58200   0.00000   1.59952
  56.28000  12.75600  26.04400  23.14800   0.00000   1.63281
  56.85000  12.87000  25.86000  22.63500   0.00000   1.67910
  57.23000  12.92300  25.66200  22.47700   0.00000   1.71068
  58.04000  13.00800  24.60800  22.40000   0.00000   1.78000
  58.43300  13.08700  22.72200  22.40000   0.00000   1.81464
  59.24000  13.22400  20.80500  22.44300   0.00000   1.88790
  59.96000  13.29600  28.49100  22.57300   0.00000   1.95575
  60.97600  13.39800  28.07500  22.79500   0.00000   2.05567
  61.66000  13.40000  26.42800  22.99800   0.00000   2.12579
  62.49300  13.40000  26.05800  23.23800   0.00000   2.21443
  62.97300  13.40000  32.05600  23.37200   0.00000   2.26718
  63.85000  13.31500  26.16700  23.61800   0.00000   2.36682
  64.04100  13.28800  26.96500  23.67200   0.00000   2.38909
  64.09300  13.27200  27.47100  23.68700   0.00000   2.39519
  64.18100  13.24600  28.32800  23.71200   0.00000   2.40555
  64.41000  13.17700  21.28300  23.77900   0.00000   2.43272
  65.03000  12.98800  26.98700  23.95800   0.00000   2.50782
  65.73000  12.70800  27.44300  24.13200   0.00000   2.59541
  66.14001  12.44200  25.68600  25.74400   0.00000   2.64812
  67.15000  10.98400  20.85800  34.30000   0.00000   2.78259
  68.17001  14.01900  21.77100  55.30100   0.00000   2.92532
  68.57101  25.49000  20.11200  23.70000   0.00000   2.98342
  69.08000   9.47500  21.27500  23.10900   0.00000   3.05883
  69.43000   9.02000  21.27500  42.73800   0.00000   3.11179
  70.00000  12.04700  27.26700  23.80000   0.00000   3.20000
  70.10000   8.02500  31.00000  25.50000   0.00000   3.21005
  70.20000  13.58700  21.66700  30.10000   0.00000   3.22012
  70.30000  12.02200  28.33300  28.30000   0.00000   3.23023
  70.33600  11.45800  27.44000  26.53600   0.00000   3.23388
  70.40000  10.45600  34.75300  23.40000   0.00000   3.24038
  70.50000   9.60000  56.63600  25.79400   0.00000   3.25055
  70.60000   9.72000  42.57600  25.78300   0.00000   3.26075
  70.70000   9.82000  25.36200  25.77200   0.00000   3.27099
  70.80000   9.83700  26.33000  25.76100   0.00000   3.28126
  70.90000   9.73100  25.97500  25.75000   0.00000   3.29156
  71.00000   9.15000  29.39200  25.73900   0.00000   3.30190
  71.10000   9.29500  41.70000  25.72800   0.00000   3.31226
  71.20000   9.27200  32.95000  25.71700   0.00000   3.32266
  71.27000   9.25000  36.80000  25.70900   0.00000   3.32996
  71.30000   9.23500  37.46400  25.70600   0.00000   3.33309
  71.40000   9.18500  33.10000  25.30000   0.00000   3.34356
  71.50000   9.21400  33.61500  18.55000   0.00000   3.35405
  71.60000   9.16900  29.00000  16.26000   0.00000   3.36458
  71.70000   8.93200  28.35700  20.66000   0.00000   3.37515
  71.80000   8.84300  28.71100  25.06000   0.00000   3.38574
  71.85000   8.90800  27.35000  23.20000   0.00000   3.39105
  71.90000   8.97400  25.98900  27.40000   0.00000   3.39637
  72.00000   9.00000  30.48000  25.66300   0.00000   3.40704
  72.10000   8.91700  29.26700  24.77600   0.00000   3.41773
  72.20000   8.98600  27.05000  31.53800   0.00000   3.42846
  72.30000   8.87000  25.86000  38.30000   0.00000   3.43923
  72.40000  14.30000  26.95000  57.54700   0.00000   3.45002
  72.50000  50.90100  25.30000  37.95800   0.00000   3.46085
  72.60000  24.06700  42.30000  29.24300   0.00000   3.47172
  72.70000  13.95600  36.43300  26.52900   0.00000   3.48262
  72.80000   8.99000  30.38000  24.17300   0.00000   3.49355
  72.90000   9.17000  27.90000  22.94100   0.00000   3.50452
  73.00000   8.68900  29.96900  23.07700   0.00000   3.51552
  73.10000   8.30700  34.81500  23.11300   0.00000   3.52656
  73.20000   8.07600  37.22900  22.24200   0.00000   3.53763
  73.30000   5.20800  39.67500  21.37100   0.00000   3.54874
  73.40000   8.61800  33.61000  20.50000   0.00000   3.55988
  73.50000  15.00000  34.91000  25.00000   0.00000   3.57106
  73.60000  16.12500  34.23200  20.50000   0.00000   3.58227
  73.70000  10.40000  32.70500  26.40000   0.00000   3.59351
  73.80000  12.50000  31.61700  18.20000   0.00000   3.60480
  73.90000  14.37500  26.45000  27.30000   0.00000   3.61611
  74.00000   9.08000  25.70000  23.60000   0.00000   3.62747
  74.10000  18.41100  21.03300  17.30000   0.00000   3.63885
  74.20000  11.76900  21.30000  18.20000   0.00000   3.65028
  74.30000   6.33300  18.64000  13.20000   0.00000   3.66174
  74.40000  21.76300  19.05600  31.80000   0.00000   3.67324
  74.50000   9.67500  20.50000  31.80000   0.00000   3.68477
  74.60000   5.42500  19.14300  15.90000   0.00000   3.69634
  74.70000   5.48700  21.20000  22.70000   0.00000   3.70794
  74.80000  20.10000  15.60000  38.60000   0.00000   3.71958
  74.90000  20.32900  19.70000  18.60000   0.00000   3.73126
  75.00000   9.82000  23.80000  33.20000   0.00000   3.74297
  75.00100   9.75400  23.73700  33.09500   0.00000   3.74309
  75.10000   5.00300  17.50000  22.70000   0.00000   3.75472
  75.20000   4.34700  17.73800  18.20000   0.00000   3.76651
  75.30000   4.40000  15.30500  13.60000   0.00000   3.77834
  75.40000   4.75700  19.35200  27.30000   0.00000   3.79020
  75.50000  22.34300  23.40000  30.00000   0.00000   3.80210
  75.60000  40.18500  19.00000  20.00000   0.00000   3.81404
  75.70000  13.11500  18.50000  50.00000   0.00000   3.82601
  75.80000  12.70000  17.50000  16.80000   0.00000   3.83802
  75.86800   9.70800  18.68400  27.86300   0.00000   3.84621
  75.90000   8.30000  17.98000  19.04300   0.00000   3.85007
  75.94400   6.36400  17.22600  12.69500   0.00000   3.85538
  76.00000   3.90000  18.99200  23.82500   0.00000   3.86216
  76.03000   4.05900  19.93800  27.80000   0.00000   3.86579
  76.10000   4.05000  20.48800  46.00000   0.00000   3.87428
  76.11300   4.04900  20.17900  48.60000   0.00000   3.87586
  76.20000   4.03800  19.63300  36.40000   0.00000   3.88645
  76.30000   4.02500  21.15700  16.00000   0.00000   3.89865
  76.40000   4.01300  19.38600  18.20000   0.00000   3.91089
  76.50000   4.00000  19.90000 150.00000   0.00000   3.92317
  76.51501   3.99700  20.80000 120.49400   0.00000   3.92501
  76.60000   3.98000  20.77700  14.50000   0.00000   3.93548
  76.70000   3.96000  19.55000  13.40900   0.00000   3.94784
  76.80000   3.94000  18.19100  36.25100   0.00000   3.96023
  76.90000   3.92000  19.35000  25.00000   0.00000   3.97267
  77.00000   3.90000  17.20000  26.85000   0.00000   3.98514
  77.04100   3.89200  18.90900  14.18200   0.00000   3.99026
  77.10000   3.88000  20.82500  25.00000   0.00000   3.99765
  77.20000   3.86000  24.00000  50.00000   0.00000   4.01020
  77.30000   3.84000  26.37200  21.50000   0.00000   4.02279
  77.40000   3.82000  20.95000  14.50000   0.00000   4.03542
  77.50000   3.80000  14.45000  40.90000   0.00000   4.04809
  77.60000   3.78000  18.45000 125.00000   0.00000   4.06080
  77.70000   3.76000  23.61700  24.50000   0.00000   4.07355
  77.80000   3.74000  28.78300  15.90000   0.00000   4.08634
  77.90000   3.72000  25.06700  40.53800   0.00000   4.09917
  78.00000   3.70000  27.90000  14.50000   0.00000   4.11203
  78.03201   3.70000  25.04100  25.86000   0.00000   4.11616
  78.10000   3.70000  18.96700  50.00000   0.00000   4.12494
  78.20000   3.70000  16.75000  34.00000   0.00000   4.13790
  78.30000   3.70000  20.70000  18.20000   0.00000   4.15089
  78.40000   3.70000  23.96700 224.35699   0.00000   4.16392
  78.50000   3.70000  24.30000 125.00000   0.00000   4.17699
  78.60000   3.71300  26.80000  45.50000   0.00000   4.19010
  78.64700   3.71800  20.05000  28.18300   0.00000   4.19628
  78.70000   3.72500  22.70000  10.50000   0.00000   4.20326
  78.77100   3.73400  25.28700   7.71600   0.00000   4.21262
  78.80000   3.73700  24.20000   9.03800   0.00000   4.21646
  78.90000   3.75000  26.80000  13.60000   0.00000   4.22969
  79.00000   3.76200  28.30000  25.58300   0.00000   4.24297
  79.01501   3.76400  27.48100  21.60000   0.00000   4.24497
  79.10000   3.77500  22.83800  58.10000   0.00000   4.25629
  79.20000  14.03000  25.46400 100.00000   0.00000   4.26966
  79.30000  32.64300  25.67700  29.50000   0.00000   4.28306
  79.40000   2.80000  33.06200  25.00000   0.00000   4.29651
  79.50000   2.91600  23.10000  54.50000   0.00000   4.31000
  79.60000   3.03200  21.90000  13.10000   0.00000   4.32353
  79.70000   3.14800  27.60600   8.00000   0.00000   4.33710
  79.80000   3.26400  28.00000   8.00000   0.00000   4.35072
  79.90000   3.38000  35.15700   8.00000   0.00000   4.36438
  80.00000   3.49600  36.80000   8.00000   0.00000   4.37808
  80.10000   3.61200  30.80000  40.00000   0.00000   4.39182
  80.20000   3.72800  30.00000  40.00000   0.00000   4.40561
  80.30000   3.84400  30.55500   1.00000   0.00000   4.41944
  80.40000   3.96000  33.21900   6.70000   0.00000   4.43332
  80.50000   7.20000  47.65700  10.90000   0.00000   4.44724
  80.60000   3.64000  39.05800  18.00000   0.00000   4.46120
  80.70000   2.05700  27.90000  46.70000   0.00000   4.47520
  80.80000   2.12900  34.98300   6.70000   0.00000   4.48925
  80.90000   2.20200  26.14500  33.30000   0.00000   4.50335
  81.00000   2.27400  31.45600   8.00000   0.00000   4.51749
  81.10000  32.62300  44.53600   1.00000   0.00000   4.53167
  81.20000   3.67000  47.68500   4.70000   0.00000   4.54590
  81.30000   2.37800  31.73300  33.40000   0.00000   4.56017
  81.40000   3.19400  30.90000  80.00000   0.00000   4.57448
  81.50000   4.01100  19.76500  10.70000   0.00000   4.58885
  81.60000   4.82700  31.41700  14.00000   0.00000   4.60325
  81.70000   4.14000  43.06900  40.00000   0.00000   4.61771
  81.80000   2.59000  25.16000  66.00000   0.00000   4.63220
  81.90000   1.68500  25.85000  92.00000   0.00000   4.64675
  82.00000   1.95400  29.52000   3.00000   0.00000   4.66133
  82.10000   2.22300  19.12000  26.70000   0.00000   4.67597
  82.20000   2.49200  20.53200   3.00000   0.00000   4.69065
  82.30000   2.76200  27.00500   3.00000   0.00000   4.70538
  82.40000   3.03100  17.36600   3.00000   0.00000   4.72015
  82.50000   3.30000  23.17500  13.30000   0.00000   4.73497
  82.60000   3.30000  29.00000  33.30000   0.00000   4.74983
  82.70000   3.30000  11.98000  13.30000   0.00000   4.76474
  82.80000   3.30000  11.86000   3.00000   0.00000   4.77970
  82.90000   3.30000  18.51800   3.00000   0.00000   4.79471
  83.00000   3.30000  21.05000   3.00000   0.00000   4.80976
  83.10000   3.30000  10.80000   3.00000   0.00000   4.82486
  83.20000   3.30000  25.40000   3.00000   0.00000   4.84001
  83.30000   3.30000  25.73100   3.00000   0.00000   4.85521
  83.40000   3.30000  11.79300  13.30000   0.00000   4.87045
  83.42001   3.30000  10.50000  13.30000   0.00000   4.87350
  83.50000   3.30000  10.35600  83.30000   0.00000   4.88574
  83.60000   3.30000  14.73300   3.00000   0.00000   4.90108
  83.70000   3.30000  14.34700   3.00000   0.00000   4.91647
  83.80000   3.30000  14.52500  13.30000   0.00000   4.93190
  83.90000   3.30000  24.15000  60.00000   0.00000   4.94738
  84.00000   3.30000  19.89000   3.00000   0.00000   4.96292
  84.10000   3.29000  14.32300  26.70000   0.00000   4.97850
  84.20000   3.28000   8.75700  96.70000   0.00000   4.99413
  84.30000   3.27000  10.37100   6.70000   0.00000   5.00981
  84.40000   3.26000  11.72500   1.00000   0.00000   5.02553
  84.50000   3.25000  12.64600  13.30000   0.00000   5.04131
  84.60000   3.24000  17.94100   1.00000   0.00000   5.05714
  84.70000   3.23000  11.35300   1.00000   0.00000   5.07302
  84.80000   3.22000   7.57800   1.00000   0.00000   5.08894
  84.90000   3.21000   7.51400   1.00000   0.00000   5.10492
  85.00000   3.20000   8.71400  46.70000   0.00000   5.12095
  85.10000   3.18000   9.33300  13.30000   0.00000   5.13702
  85.20000   3.16000   9.17100   3.00000   0.00000   5.15315
  85.30000   3.14000  12.02900   3.00000   0.00000   5.16933
  85.40000   3.12000  10.15600  66.70000   0.00000   5.18556
  85.50000   3.10000   7.10000  20.00000   0.00000   5.20184
  85.60000   3.10000   8.36100   3.00000   0.00000   5.21817
  85.70000   3.10000   9.62200   8.70000   0.00000   5.23455
  85.80000   3.10000   8.78400  13.30000   0.00000   5.25099
  85.90000   3.10000   7.04700   3.00000   0.00000   5.26747
  86.00000   3.10000   7.01100   3.00000   0.00000   5.28401
  86.10000   3.10000   7.40000   6.00000   0.00000   5.30060
  86.20000   3.10000   7.92800   1.00000   0.00000   5.31724
  86.30000   3.10000   8.45600   1.00000   0.00000   5.33393
  86.40000   3.10000   8.98300   6.00000   0.00000   5.35068
  86.50000   3.10000   8.80700   1.00000   0.00000   5.36748
  86.60000   3.10000   7.57300   3.00000   0.00000   5.38433
  86.70000   3.10000   6.34000  65.00000   0.00000   5.40124
  86.80000   3.10000   6.03300  14.00000   0.00000   5.41819
  86.90000   3.10000   7.11700  10.00000   0.00000   5.43520
  87.00000   3.10000   8.20000   3.00000   0.00000   5.45226
  87.10000   3.93600   9.48600  25.00000   0.00000   5.46938
  87.20000   4.77100   9.30500  80.00000   0.00000   5.48656
  87.30000   5.60700   8.14700  12.00000   0.00000   5.50378
  87.40000   6.44200   6.98900   6.00000   0.00000   5.52106
  87.50000   7.27800   5.83200   3.00000   0.00000   5.53839
  87.60000   8.11300   7.75200 107.00000   0.00000   5.55578
  87.70000   8.94900  10.44100  30.00000   0.00000   5.57322
  87.80000  10.40000  13.13100  22.00000   0.00000   5.59072
  87.90000  47.27600  11.91200  12.00000   0.00000   5.60827
  88.00000   5.11000  10.25800   3.00000   0.00000   5.62588
  88.10000   4.65800   8.60400 110.00000   0.00000   5.64354
  88.20000   4.20600   6.95000  51.00000   0.00000   5.66126
  88.30000   3.75400   5.29600  27.00000   0.00000   5.67903
  88.40000   3.30200   8.46800   1.00000   0.00000   5.69686
  88.50000   2.85000  13.70800   1.00000   0.00000   5.71475
  88.60000   2.82000  17.10600   9.00000   0.00000   5.73269
  88.70000   2.79000  13.13600  70.00000   0.00000   5.75069
  88.80000   2.76000   9.16700  30.00000   0.00000   5.76874
  88.90000   2.73000   5.19700  20.00000   0.00000   5.78685
  89.00000   2.70000   7.50000  12.00000   0.00000   5.80502
  89.10000   2.71000  10.50000  67.00000   0.00000   5.82324
  89.20000   2.72000   8.46000  15.00000   0.00000   5.84153
  89.30000   2.73000   5.86000   1.00000   0.00000   5.85987
  89.40000   2.74000  11.20000  10.00000   0.00000   5.87826
  89.50000   2.75000   8.08900   3.00000   0.00000   5.89672
  89.60000   2.77000   5.84000   3.00000   0.00000   5.91523
  89.70000   2.79000   7.04000  11.00000   0.00000   5.93380
  89.80000   2.81000   6.10000   1.00000   0.00000   5.95243
  89.90000   2.83000   5.62000   6.00000   0.00000   5.97112
  90.00000   2.85000   8.35300  12.00000   0.00000   5.98986
  90.10000   2.83000  12.90000   3.00000   0.00000   6.00867
  90.20000   2.81000   9.70000   6.00000   0.00000   6.02754
  90.30000   2.79000  10.31100  10.00000   0.00000   6.04646
  90.40000   2.77000  10.28500   8.00000   0.00000   6.06544
  90.41000   2.76800  10.02700   9.20000   0.00000   6.06734
  90.50000   2.75000   7.70800  12.00000   0.00000   6.08448
  90.60000   2.75000   5.13100   3.00000   0.00000   6.10358
  90.70000   2.75000   6.53700   1.00000   0.00000   6.12275
  90.80000   2.68500  10.60000  15.00000   0.00000   6.14197
  90.90000   2.55400  14.66300   9.00000   0.00000   6.16125
  91.00000   1.15000  15.20000   3.00000   0.00000   6.18060
  91.10000   0.49400  15.23200  14.00000   0.00000   6.20000
  91.20000   0.14000  10.69600   1.00000   0.00000   0.00249
  91.30000   0.00000   6.16100  82.00000   0.00000   0.00000
  91.39900   0.00000   6.08140  15.40040   0.00000   0.00000
  91.40000   0.00000   6.10000  15.00000   0.00000   0.00000
  91.49900   0.00000   6.33670   3.00000   0.00000   0.00000
  91.50000   0.00000   6.30000   3.00000   0.00000   0.00000
  91.59900   0.00000   8.80430   1.00000   0.00000   0.00000
  91.60000   0.00000   8.92500   1.00000   0.00000   0.00000
  91.69900   0.00000  20.86630   1.82080   0.00000   0.00000
  91.70000   0.00000  20.98700   1.00000   0.00000   0.00000
  91.80000   0.00000  18.30000   6.00000   0.00000   0.00000
  91.89900   0.00000  11.98880   3.00000   0.00000   0.00000
  91.90000   0.00000  11.92500   3.00000   0.00000   0.00000
  92.00000   0.00000   5.55000  97.50000   0.00000   0.00000
  92.09600   0.00000   4.39000  27.64000   0.00000   0.00000
  92.10000   0.00000   4.48900  27.00000   0.00000   0.00000
  92.20000   0.00000   6.97000  11.00000   0.00000   0.00000
  92.30000   0.00000   9.45200  17.00000   0.00000   0.00000
  92.31500   0.00000   9.60000  17.45000   0.00000   0.00000
  92.40000   0.00000  16.15000  20.00000   0.00000   0.00000
  92.50000   0.00000  18.21600  22.00000   0.00000   0.00000
  92.60000   0.00000   7.84800  14.00000   0.00000   0.00000
  92.62000   0.00000   5.77400   9.60000   0.00000   0.00000
  92.70000   0.00000   3.90000  18.00000   0.00000   0.00000
  92.80000   0.00000   3.46000  10.00000   0.00000   0.00000
  92.90000   0.00000   4.02000   2.00000   0.00000   0.00000
  93.00000   0.00000   3.70000  29.00000   0.00000   0.00000
  93.07500   0.00000  23.71600   4.50000   0.00000   0.00000
  93.10000   0.00000  19.91100   6.00000   0.00000   0.00000
  93.20000   0.00000  21.35500  21.00000   0.00000   0.00000
  93.30000   0.00000  23.76300   7.00000   0.00000   0.00000
  93.33801   0.00000  20.69900   4.72000   0.00000   0.00000
  93.40000   0.00000  15.70000  10.00000   0.00000   0.00000
  93.50000   0.00000   7.63700   5.00000   0.00000   0.00000
  93.60000   0.00000   7.36200   6.00000   0.00000   0.00000
  93.70000   0.00000  18.76800   1.00000   0.00000   0.00000
  93.78000   0.00000  27.89200  20.49900   0.00000   0.00000
  93.80000   0.00000  30.17300   1.00000   0.00000   0.00000
  93.90000   0.00000  41.57900 148.00000   0.00000   0.00000
  94.00000   0.00000  39.40000  27.00000   0.00000   0.00000
  94.10000   0.00000  31.40000  18.00000   0.00000   0.00000
  94.20000   0.00000  23.40000  22.00000   0.00000   0.00000
  94.30000   0.00000  15.40000  27.00000   0.00000   0.00000
  94.40000   0.00000   7.40000  11.00000   0.00000   0.00000
  94.45200   0.00000   3.24000  10.60000   0.00000   0.00000
  94.50000   0.00000   9.51600   1.00000   0.00000   0.00000
  94.60000   0.00000  26.80700   1.00000   0.00000   0.00000
  94.70000   0.00000  44.09700   3.00000   0.00000   0.00000
  94.80000   0.00000  49.96900   3.00000   0.00000   0.00000
  94.90000   0.00000  29.20000   1.00000   0.00000   0.00000
  94.97400   0.00000  13.83100  13.48000   0.00000   0.00000
  95.00000   0.00000   8.43100   1.00000   0.00000   0.00000
  95.10000   0.00000   8.76300   2.00000   0.00000   0.00000
  95.20000   0.00000  18.13800   2.00000   0.00000   0.00000
  95.30000   0.00000  27.51200  12.00000   0.00000   0.00000
  95.40000   0.00000  36.88700   3.00000   0.00000   0.00000
  95.50000   0.00000  46.26200   6.00000   0.00000   0.00000
  95.60000   0.00000  51.48800  20.00000   0.00000   0.00000
  95.70000   0.00000  35.30000   3.00000   0.00000   0.00000
  95.80000   0.00000  24.36700  18.00000   0.00000   0.00000
  95.90000   0.00000  13.43300  47.00000   0.00000   0.00000
  96.00000   0.00000   2.50000   1.00000   0.00000   0.00000
  96.10000   0.00000   9.39500  51.00000   0.00000   0.00000
  96.20000   0.00000  14.61100  18.00000   0.00000   0.00000
  96.30000   0.00000   9.98200   3.00000   0.00000   0.00000
  96.40000   0.00000  26.38900   3.00000   0.00000   0.00000
  96.50000   0.00000  42.79600   3.00000   0.00000   0.00000
  96.60000   0.00000  46.04100  67.00000   0.00000   0.00000
  96.70000   0.00000  36.12300  31.00000   0.00000   0.00000
  96.80000   0.00000  26.20400  27.00000   0.00000   0.00000
  96.90000   0.00000  16.28600  10.00000   0.00000   0.00000
  97.00000   0.00000   6.36800   6.00000   0.00000   0.00000
  97.10000   0.00000  10.74300   1.00000   0.00000   0.00000
  97.20000   0.00000  24.64800  27.00000   0.00000   0.00000
  97.25400   0.00000  32.71900 117.44100   0.00000   0.00000
  97.30000   0.00000  40.47600  88.00000   0.00000   0.00000
  97.40000   0.00000  17.22500  20.00000   0.00000   0.00000
  97.50000   0.00000  18.85000   5.00000   0.00000   0.00000
  97.60000   0.00000  23.51500   3.00000   0.00000   0.00000
  97.70000   0.00000  18.82300   2.00000   0.00000   0.00000
  97.70200   0.00000  18.72900   2.24000   0.00000   0.00000
  97.80000   0.00000  14.13100   5.00000   0.00000   0.00000
  97.90000   0.00000   9.43800  88.00000   0.00000   0.00000
  98.00000   0.00000   4.74600  27.00000   0.00000   0.00000
  98.10000   0.00000  10.20400  26.00000   0.00000   0.00000
  98.20000   0.00000  25.81100  14.00000   0.00000   0.00000
  98.30000   0.00000  41.41800  23.00000   0.00000   0.00000
  98.40000   0.00000  30.88400  17.00000   0.00000   0.00000
  98.50000   0.00000   9.14800  15.00000   0.00000   0.00000
  98.60000   0.00000   7.19100  25.00000   0.00000   0.00000
  98.70000   0.00000   5.09500   0.00000   0.00000   0.00000
  98.80000   0.00000   3.00000   0.00000   0.00000   0.00000
  98.90000   0.00000   3.30000   0.00000   0.00000   0.00000
  98.97900   0.00000   2.76100   0.00000   0.00000   0.00000
  99.00000   0.00000   4.15500   0.00000   0.00000   0.00000
  99.10000   0.00000  10.79100   0.00000   0.00000   0.00000
  99.15500   0.00000  14.44100   0.00000   0.00000   0.00000
  99.20000   0.00000  17.42700   0.00000   0.00000   0.00000
  99.30000   0.00000  22.80000   0.00000   0.00000   0.00000
  99.40000   0.00000  21.38500   0.00000   0.00000   0.00000
  99.50000   0.00000  15.15500   0.00000   0.00000   0.00000
  99.60000   0.00000   8.92600   0.00000   0.00000   0.00000
  99.70000   0.00000   2.69600   0.00000   0.00000   0.00000
  99.80000   0.00000   1.46100   0.00000   0.00000   0.00000
  99.90000   0.00000   1.47600   0.00000   0.00000   0.00000
 100.00000   0.00000   1.49000   0.00000   0.00000   0.00000
 100.10000   0.00000   2.69300   0.00000   0.00000   0.00000
 100.20000   0.00000   3.89500   0.00000   0.00000   0.00000
 100.30000   0.00000   5.09800   0.00000   0.00000   0.00000
 100.40000   0.00000   6.30000   0.00000   0.00000   0.00000
 100.50000   0.00000   5.40500   0.00000   0.00000   0.00000
 100.60000   0.00000   3.16900   0.00000   0.00000   0.00000
 100.70000   0.00000   1.46000   0.00000   0.00000   0.00000
 100.80000   0.00000   1.78600   0.00000   0.00000   0.00000
 100.90000   0.00000   1.44400   0.00000   0.00000   0.00000
 101.00000   0.00000   1.45400   0.00000   0.00000   0.00000
 101.02000   0.00000   1.43200   0.00000   0.00000   0.00000
 101.10000   0.00000   1.34400   0.00000   0.00000   0.00000
 101.20000   0.00000   1.15300   0.00000   0.00000   0.00000
 101.30000   0.00000   1.23200   0.00000   0.00000   0.00000
 101.40000   0.00000   1.15300   0.00000   0.00000   0.00000
 101.50000   0.00000   1.48500   0.00000   0.00000   0.00000
 101.60000   0.00000   1.19000   0.00000   0.00000   0.00000
 101.70000   0.00000   1.25300   0.00000   0.00000   0.00000
 101.80000   0.00000   1.19000   0.00000   0.00000   0.00000
 101.90000   0.00000   1.19000   0.00000   0.00000   0.00000
 102.00000   0.00000   1.27800   0.00000   0.00000   0.00000
 102.10000   0.00000   1.40000   0.00000   0.00000   0.00000
 102.20000   0.00000   1.47000   0.00000   0.00000   0.00000
 102.30000   0.00000   1.63600   0.00000   0.00000   0.00000
 102.40000   0.00000   1.43000   0.00000   0.00000   0.00000
 102.50000   0.00000   1.45100   0.00000   0.00000   0.00000
 102.57200   0.00000   1.63200   0.00000   0.00000   0.00000
 102.60000   0.00000   1.51900   0.00000   0.00000   0.00000
 102.70000   0.00000   1.23000   0.00000   0.00000   0.00000
 107.50000   0.00000   1.00000   0.00000   0.00000   0.00000
 112.50000   0.00000   0.40000   0.00000   0.00000   0.00000
 117.50000   0.00000   1.40000   0.00000   0.00000   0.00000
 121.60000   0.00000   0.01000   0.00000   0.00000   0.00000
 122.50000   0.00000  13.00000   0.00000   0.00000   0.00000
 127.50000   0.00000   0.40000   0.00000   0.00000   0.00000
 132.50000   0.00000   2.20000   0.00000   0.00000   0.00000
 137.50000   0.00000  12.00000   0.00000   0.00000   0.00000
 142.50000   0.00000  15.00000   0.00000   0.00000   0.00000
 147.50000   0.00000  13.00000   0.00000   0.00000   0.00000
 152.50000   0.00000  10.00000   0.00000   0.00000   0.00000
 157.50000   0.00000   6.00000   0.00000   0.00000   0.00000
 162.50000   0.00000   3.40000   0.00000   0.00000   0.00000
 167.50000   0.00000   1.50000   0.00000   0.00000   0.00000
 172.50000   0.00000   0.50000   0.00000   0.00000   0.00000
 200.00000   0.00000   0.00000   0.00000   0.00000   0.00000
